      0/99      3.2G   0.05014   0.01431   0.01211   0.07656         8       640    0.1873    0.2059    0.1176   0.03199   0.06337   0.00874   0.01071
      1/99     3.19G   0.04169   0.01076  0.009875   0.06233         8       640    0.3989    0.3724    0.3176   0.09815   0.06118  0.007848    0.0106
      2/99     3.19G   0.04292  0.009935  0.009112   0.06197        16       640    0.3919    0.3819    0.2631   0.09596   0.07007  0.007546   0.01039
      3/99     3.19G   0.04449  0.009897  0.009684   0.06407        14       640   0.05217    0.2088   0.03286  0.009131   0.06965  0.009895   0.01606
      4/99     3.19G   0.04233   0.01128  0.009911   0.06352        12       640   0.01954   0.02085  0.002935 0.0004154   0.08848   0.01643    0.1413
      5/99     3.19G   0.04135   0.01228  0.009999   0.06362         8       640   0.02605    0.1372   0.01296  0.003257   0.09386   0.04124    0.9166
      6/99     3.19G   0.04104   0.01202  0.009829   0.06289        17       640   0.01516    0.1039   0.00575 0.0009098   0.06244   0.01014   0.01312
      7/99     3.19G   0.03987   0.01263  0.009418   0.06192         4       640   0.03191    0.1487   0.01156  0.002072   0.06577   0.01007   0.01327
      8/99     3.19G   0.04048   0.01273   0.00954   0.06275        17       640    0.5344    0.1373   0.01943  0.004293   0.06088   0.01023   0.01105
      9/99     3.19G   0.03738   0.01239  0.008698   0.05846        13       640   0.04171    0.1885   0.02458  0.005269   0.05997   0.01006   0.01053
     10/99     3.19G    0.0363   0.01276  0.008302   0.05736        15       640    0.6271    0.1244   0.07073   0.01397   0.06469  0.009458   0.01033
     11/99     3.19G   0.03699   0.01248  0.008384   0.05786        11       640    0.7439    0.2176    0.1872    0.0512   0.05968  0.009671   0.01044
     12/99     3.19G   0.03846   0.01222   0.00906   0.05974        18       640    0.2832    0.3879    0.2268   0.07344   0.05741  0.009832   0.01059
     13/99     3.19G   0.03752   0.01188  0.009452   0.05886         7       640    0.4056    0.4488    0.2979    0.0995   0.05546  0.009063   0.01048
     14/99     3.19G   0.03933   0.01198   0.00853   0.05984        11       640     0.369    0.4595    0.3325    0.1139   0.05432  0.008931   0.01058
     15/99     3.19G   0.03618   0.01124   0.00818    0.0556        20       640    0.4791    0.3923     0.389    0.1424   0.05294  0.008903   0.01018
     16/99     3.19G   0.03702   0.01122  0.008056    0.0563        23       640    0.5121    0.4558    0.4592    0.1726   0.04904  0.008909  0.009721
     17/99     3.19G   0.03517   0.01098  0.007784   0.05393        13       640    0.4934    0.5911    0.5272    0.2285   0.04836  0.008528  0.009328
     18/99     3.19G   0.03504   0.01122  0.007819   0.05408        13       640    0.4264    0.5258    0.4599    0.2106   0.04667  0.008881   0.01075
     19/99     3.19G    0.0323   0.01103  0.007021   0.05035        15       640    0.6669    0.5479    0.6021     0.283   0.04642  0.008522    0.0113
     20/99     3.19G   0.03293   0.01098  0.007568   0.05147        11       640    0.6001     0.564    0.5707    0.2824   0.04912  0.008248   0.01126
     21/99     3.19G   0.03141   0.01046  0.007316   0.04918        11       640    0.5117    0.5896    0.5326     0.258   0.04722   0.00868   0.01061
     22/99     3.19G    0.0319   0.01046  0.007237   0.04959         8       640    0.5798    0.5955    0.6367    0.3192   0.04444  0.009046  0.009694
     23/99     3.19G   0.03095   0.01072  0.006718   0.04839        11       640    0.6062    0.6459    0.6508    0.3319   0.04969   0.00838  0.009828
     24/99     3.19G   0.02977   0.01087  0.006376   0.04702        16       640    0.6706    0.6024     0.651    0.3145   0.04862  0.008317  0.007895
     25/99     3.19G   0.03099   0.01074  0.006443   0.04818        19       640    0.6866    0.6086    0.6629    0.3406   0.04645  0.008444  0.008937
     26/99     3.19G   0.02941   0.01066   0.00642   0.04649         9       640    0.6354    0.6868    0.6639    0.3263   0.04638  0.008571  0.008934
     27/99     3.19G   0.03069   0.01044  0.006556   0.04769         9       640    0.6579    0.6935     0.702    0.3846   0.04592  0.008277  0.009605
     28/99     3.19G    0.0303    0.0108  0.006555   0.04765        14       640    0.7286    0.6831     0.745    0.3835   0.04731  0.008235  0.008651
     29/99     3.19G   0.03147   0.01076   0.00682   0.04905        15       640    0.6351     0.709     0.698    0.3733   0.04513  0.008556  0.009822
     30/99     3.19G   0.03099   0.01064  0.006709   0.04834        19       640     0.584    0.6997    0.6648     0.345   0.04565  0.008135  0.009444
     31/99     3.19G   0.03018   0.01063  0.006893    0.0477         9       640    0.7402    0.6773     0.773    0.4316   0.04708   0.00795  0.007991
     32/99     3.19G    0.0305   0.01047  0.006219   0.04718         9       640     0.568    0.7762    0.6738    0.3508   0.04613  0.007957  0.007791
     33/99     3.19G   0.02914   0.01033  0.005826   0.04529        13       640    0.7181    0.6979    0.7302    0.3952   0.04548  0.007994  0.007897
     34/99     3.19G    0.0287   0.01068  0.006052   0.04543         9       640    0.6629    0.7033    0.7045    0.3944   0.04296  0.008237   0.00821
     35/99     3.19G   0.02891   0.01036   0.00566   0.04493        11       640    0.6525    0.6542    0.6939    0.3583   0.04528  0.008154  0.008692
     36/99     3.19G   0.02872   0.01047   0.00573   0.04491        15       640    0.6628    0.7441    0.7526    0.4178   0.04441  0.008054  0.007997
     37/99     3.19G   0.02971   0.01063  0.005862    0.0462        12       640    0.6421    0.7269      0.74    0.4196   0.04274  0.008153  0.008538
     38/99     3.19G   0.02914   0.01073  0.006194   0.04606         8       640    0.6845    0.6778     0.735    0.3933   0.04338   0.00801  0.007788
     39/99     3.19G   0.02892   0.01048  0.005722   0.04513         9       640    0.6348    0.8139    0.7635    0.4261   0.04331  0.007957  0.006657
     40/99     3.19G   0.02929    0.0102  0.005856   0.04534        11       640    0.7102     0.653    0.7231    0.3949   0.04234  0.008027  0.006888
     41/99     3.19G   0.02709   0.01051   0.00523   0.04283        14       640    0.7032    0.7145    0.7415    0.4335   0.04258  0.007756  0.007585
     42/99     3.19G   0.02847   0.01008  0.006122   0.04468        10       640    0.6733    0.7565    0.7491     0.414   0.04283  0.007607  0.008015
     43/99     3.19G   0.03093    0.0104  0.005741   0.04707        10       640    0.7746    0.7566    0.7983    0.4406   0.04285  0.008024  0.008444
     44/99     3.19G   0.02658   0.01013  0.005575   0.04228         7       640    0.7095    0.7457    0.7639    0.4294   0.04168  0.008138  0.008646
     45/99     3.19G   0.02852   0.01065  0.005312   0.04448        16       640    0.6535    0.7485    0.7443    0.4044   0.04124  0.008227  0.008272
     46/99     3.19G   0.02766   0.01021   0.00553    0.0434        12       640    0.7657    0.7242    0.7859    0.4543   0.04159  0.007732  0.007815
     47/99     3.19G    0.0278   0.01042  0.005149   0.04337        17       640    0.6826    0.7448    0.7534    0.4406   0.04129  0.007759  0.007223
     48/99     3.19G    0.0272   0.01024  0.005297   0.04273        12       640    0.6868    0.7054     0.757    0.4189   0.04231  0.007704  0.007208
     49/99     3.19G    0.0273   0.01013  0.005321   0.04274         7       640    0.6375    0.7505    0.7479    0.4182   0.04259  0.007551  0.007855
     50/99     3.19G   0.02731   0.01066  0.005144   0.04311         9       640    0.7333    0.7044    0.7863     0.453   0.04226  0.007651  0.007901
     51/99     3.19G   0.02798   0.01025   0.00526   0.04349        15       640    0.7897    0.6644     0.793    0.4557   0.04204  0.007632  0.008055
     52/99     3.19G   0.02799   0.01043  0.005015   0.04343         7       640     0.738    0.6474    0.7607    0.4284   0.04227  0.007713    0.0083
     53/99     3.19G   0.02774   0.01034  0.005157   0.04323        15       640    0.7594    0.6534    0.7686    0.4399   0.04163  0.007667  0.008785
     54/99     3.19G   0.02694   0.01032  0.005294   0.04256        21       640    0.7918    0.7138    0.8106    0.4831   0.04012   0.00762  0.008352
     55/99     3.19G    0.0276   0.01038  0.005593   0.04357        19       640    0.6202    0.7272    0.7233    0.4222   0.04165   0.00761  0.008599
     56/99     3.19G   0.02676   0.01057  0.005448   0.04278        14       640    0.6673    0.7527    0.7585    0.4427   0.04069  0.007661  0.008435
     57/99     3.19G   0.02821   0.01059  0.005025   0.04382         7       640    0.6634    0.6958    0.7448    0.4343    0.0413  0.007544  0.008318
     58/99     3.19G   0.02676   0.01013  0.005057   0.04195         9       640    0.8041    0.6937    0.8164    0.4884   0.04118  0.007501  0.008678
     59/99     3.19G   0.02815   0.01032  0.005202   0.04368        16       640    0.7244    0.6841    0.7527    0.4357    0.0414  0.007562  0.008257
     60/99     3.19G   0.02522    0.0102  0.005274   0.04069        26       640    0.6599    0.7626    0.7863    0.4538   0.04086   0.00746  0.007948
     61/99     3.19G   0.02644    0.0102   0.00461   0.04125         8       640    0.7109    0.6857    0.7424    0.4243   0.04143   0.00743  0.007573
     62/99     3.19G   0.02605   0.01007  0.004888     0.041         7       640    0.8182    0.6977    0.8154    0.4793   0.04129  0.007413  0.007377
     63/99     3.19G   0.02593   0.01006  0.004569   0.04056        10       640    0.7276    0.7533    0.8061    0.4794   0.04094  0.007527   0.00731
     64/99     3.19G   0.02576  0.009965  0.004861   0.04058         7       640     0.733    0.7519    0.8068    0.4697   0.04158  0.007398  0.007441
     65/99     3.19G   0.02677   0.01034  0.004828   0.04194        13       640    0.7151    0.7607    0.8074    0.4744   0.04093  0.007517  0.007465
     66/99     3.19G   0.02705   0.01027  0.004745   0.04207        12       640     0.691    0.6976    0.7506    0.4365   0.04011  0.007526  0.007378
     67/99     3.19G   0.02573   0.01011  0.005053    0.0409         8       640    0.7669    0.6643     0.781    0.4623   0.04043  0.007369  0.007446
     68/99     3.19G   0.02538   0.01004   0.00467   0.04009        17       640     0.735    0.7175    0.7897    0.4735   0.04173  0.007426  0.007126
     69/99     3.19G   0.02636   0.01011  0.005003   0.04147        11       640    0.7296    0.7353    0.7957    0.4746   0.04055  0.007435  0.007405
     70/99     3.19G   0.02546  0.009725  0.004996   0.04018        10       640    0.6677    0.7591    0.7691    0.4607   0.04013   0.00755  0.007065
     71/99     3.19G    0.0276   0.01018  0.004628   0.04241        18       640    0.7101     0.673    0.7445    0.4526   0.04005  0.007485  0.006882
     72/99     3.19G    0.0263  0.009992  0.004531   0.04082        16       640    0.7074    0.7621    0.7987    0.4774   0.04081  0.007415  0.006685
     73/99     3.19G   0.02677   0.01018  0.004697   0.04164        20       640    0.7716    0.6926    0.7973    0.4947   0.03983  0.007422  0.006229
     74/99     3.19G   0.02626   0.01041  0.004527   0.04119        10       640    0.7716    0.7297     0.818     0.487   0.03998  0.007383  0.006258
     75/99     3.19G   0.02551   0.00981  0.004141   0.03947        14       640    0.6979     0.791    0.8085    0.4784   0.04039  0.007435  0.006059
     76/99     3.19G   0.02701  0.009976  0.005262   0.04225        10       640    0.7504    0.7255    0.8034    0.4896   0.04063  0.007404  0.006095
     77/99     3.19G   0.02627   0.01003  0.004791   0.04109         5       640    0.6946    0.7704    0.7789    0.4641   0.04077  0.007426  0.006458
     78/99     3.19G   0.02506   0.01007  0.004224   0.03935        12       640    0.7435    0.7845    0.8248    0.5064   0.04006  0.007274  0.006759
     79/99     3.19G   0.02609  0.009963  0.004879   0.04093        13       640      0.72    0.7562    0.8015    0.4809   0.04071   0.00738  0.006237
     80/99     3.19G   0.02475   0.01048  0.004552   0.03979         7       640    0.7856    0.7199    0.7995    0.4852   0.04119  0.007269  0.006397
     81/99     3.19G   0.02635  0.009939   0.00449   0.04078         8       640    0.7378    0.7397    0.7885    0.4808   0.04114  0.007362  0.006398
     82/99     3.19G   0.02547  0.009776  0.004441   0.03968        17       640    0.7347     0.755     0.792    0.4751   0.04075  0.007352  0.005966
     83/99     3.19G   0.02649   0.01007  0.004874   0.04143        17       640    0.7424    0.7934    0.8189    0.4823   0.04072  0.007486  0.005602
     84/99     3.19G   0.02487   0.01023   0.00422   0.03933        13       640    0.6803    0.7068    0.7544    0.4478   0.04088  0.007487  0.005686
     85/99     3.19G   0.02559  0.009938  0.003833   0.03936         6       640    0.7899    0.6668    0.7881    0.4748     0.041  0.007516  0.005985
     86/99     3.19G   0.02558  0.009911  0.003747   0.03924        10       640    0.7949     0.711    0.8131    0.4868   0.04074  0.007448  0.005678
     87/99     3.19G   0.02562   0.01016  0.004432   0.04022         9       640    0.7352    0.7733    0.8106    0.4932   0.04034  0.007321  0.005978
     88/99     3.19G   0.02513  0.009668  0.004568   0.03937         5       640     0.689    0.8271     0.813    0.4987   0.04049  0.007332  0.005408
     89/99     3.19G   0.02458  0.009692  0.004207   0.03848         7       640    0.7798    0.6935    0.7917    0.4822   0.04059  0.007178  0.005164
     90/99     3.19G   0.02444   0.01001  0.004152    0.0386        15       640    0.7685    0.7111    0.8003    0.4888   0.04047  0.007323  0.005332
     91/99     3.19G   0.02572  0.009996  0.004131   0.03985        11       640    0.7522    0.7087    0.7855    0.4768   0.04085  0.007352  0.005861
     92/99     3.19G   0.02617   0.01004  0.004165   0.04037        15       640    0.7752     0.759    0.8168    0.4995   0.04034  0.007368  0.005638
     93/99     3.19G   0.02567  0.009901  0.003935    0.0395        14       640    0.8197    0.6732    0.8075     0.497   0.04019  0.007319  0.005405
     94/99     3.19G   0.02476  0.009974  0.004197   0.03893        10       640    0.7157    0.7375    0.7929    0.4856   0.04001  0.007344  0.005721
     95/99     3.19G   0.02486  0.009733  0.004108    0.0387        12       640    0.7721    0.7262    0.8141    0.5077   0.03973  0.007281   0.00573
     96/99     3.19G   0.02411   0.01014  0.003658   0.03792        12       640    0.7358    0.7472     0.786     0.475   0.03971  0.007312  0.005933
     97/99     3.19G   0.02543   0.01002  0.004368   0.03982        13       640    0.7412    0.7486    0.7877     0.476   0.04017  0.007312  0.005505
     98/99     3.19G   0.02475  0.009873  0.004379   0.03901         6       640    0.7174    0.7616    0.7867    0.4825   0.04008  0.007375  0.005212
     99/99     3.19G   0.02568  0.009752  0.003642   0.03907         7       640    0.7315    0.7436    0.7993    0.4935   0.04026  0.007308  0.005562
